-1.610613874961608571e+00 -9.981225587125663878e-01
-1.516819480458127867e+00 -9.714511071633751271e-01
-1.424288949323776032e+00 6.320045379397924989e-01
-1.327854659861453346e+00 5.854148371854535071e-01
-1.232414426212717684e+00 -1.336544425081228837e+00
-1.135673041276108242e+00 8.028719313260808121e-01
-1.039663090115350963e+00 -7.792463171881536255e-01
-9.455579835532572641e-01 1.453737600349995773e+00
-8.467048139722169742e-01 4.792210501625959296e+00
-7.477458584637551864e-01 1.599068367822837899e+01
-6.553772659628724906e-01 2.568976397998631001e+01
-5.591570578315693263e-01 3.354680499304413388e+01
-4.625798890680289377e-01 3.502869252636628516e+01
-3.650748292997558764e-01 3.120010282560906489e+01
-2.704380165973445105e-01 2.425808674314976088e+01
-1.722747673202078555e-01 1.747718457640439738e+01
-7.671271240261887114e-02 7.868697041703853756e+00
1.885820039767528364e-02 -1.486790492997897672e+00
1.155924921815155992e-01 -1.257290268435099279e+01
2.120216221213046814e-01 -2.145286194661639456e+01
3.092993853335966881e-01 -2.891529266112229379e+01
4.068310542953758047e-01 -3.485288236187807343e+01
5.022774536703960013e-01 -3.813336989657727827e+01
5.965030311267133234e-01 -3.469222671746319975e+01
6.955993594669751534e-01 -2.537275959802173020e+01
7.890948706217063569e-01 -1.200930395291834429e+01
8.859815670714117353e-01 -4.065734667423384963e+00
9.792870073717533375e-01 -1.655279022319518845e+00
1.078846540640843621e+00 -2.328277573282321100e+00
1.172781349728483358e+00 -1.592293655745379510e+00
1.266294524861562687e+00 -8.531562584666971816e-01
1.367439231357534979e+00 -7.712511936460941797e-01
1.658284285150540383e+00 -1.439270159869920462e+00
1.761221193029112841e+00 -1.678779727093569818e+00
1.853084956802548033e+00 -2.067330139152545598e+00
1.948154374912242304e+00 -1.369754796494817128e+00
2.037885209964362065e+00 1.118637971248972462e+00
2.137297896820141041e+00 -5.354630210913455812e-01
2.226274259361801011e+00 1.665095065392961260e+00
2.322326451882745779e+00 1.192561909507276141e+00
